dataset_name: 'scannet'
desired_image_height: 484
desired_image_width: 648
stride: 20
camera_params:
  image_height: 968
  image_width: 1296
  fx: 1169.621094
  fy: 1167.105103
  cx: 646.295044
  cy: 489.927032
  png_depth_scale: 1000.0 #for depth image in png format
